"","year","week-of-year","total-fox-density","all-fox-but-cub-density","bait-take","bait-cost","littersize"
"1",1,1,2.27840727104942,2.21577966452682,0.4,45,4.488
"2",1,3,2.25781409555875,2.19507144336302,0.311111111111111,90,4.488
"3",1,5,2.25769904988562,2.19507144336302,0.555555555555556,135,4.488
"4",1,7,2.19724713011948,2.13294677987161,0.466666666666667,180,4.488
"5",1,9,2.15427298973974,2.091530337544,0.488888888888889,225,4.488
"6",1,11,2.0299086170838,1.96728101056119,0.377777777777778,270,4.488
"7",1,13,2.00910876662281,1.94657278939739,0.622222222222222,315,4.488
"8",1,15,1.9884921747562,1.92586456823359,0.466666666666667,360,4.488
"9",1,17,1.9622861957613,1.90515634706979,0.488888888888889,405,4.488
"10",1,19,1.91328793814327,1.84303168357838,0.355555555555556,450,4.488
"11",1,21,1.87656800634806,1.82232346241458,0.333333333333333,495,4.488
"12",1,23,1.85585978518425,1.80161524125078,0.6,540,4.488
"13",1,25,1.82516397062729,1.76019879892317,0.444444444444444,585,4.488
"14",1,27,1.78768758807864,1.73949057775937,0.4,630,4.488
"15",1,29,1.7300527601493,1.67736591426796,0.511111111111111,675,4.488
"16",1,31,1.73161045820144,1.67736591426796,0.288888888888889,720,4.488
"17",1,33,1.70705380655587,1.65665769310416,0.266666666666667,765,4.488
"18",1,35,1.69019401587384,1.63594947194036,0.311111111111111,810,4.488
"19",1,37,3.19318937759893,1.55311658728515,0.4,855,4.488
"20",1,39,3.05547054392992,1.49099192379375,0.444444444444444,900,4.488
"21",1,41,2.97987637375235,1.47028370262994,0.4,945,4.488
"22",1,43,2.88274931873628,1.47028370262994,0.355555555555556,990,4.488
"23",1,45,2.8374844459269,1.42886726030234,0.355555555555556,1035,4.488
"24",1,47,2.73614244324035,1.38745081797474,0.244444444444444,1080,4.488
"25",1,49,2.67667502936731,2.54711120314765,0.511111111111111,1125,4.488
"26",1,51,2.57322555284547,2.44357009732864,0.511111111111111,1170,4.488
"27",2,1,2.51476606124146,2.44357009732864,0.511111111111111,45,4.488
"28",2,3,2.39399864755166,2.29861254918203,0.377777777777778,90,4.488
"29",2,5,2.29320642064821,2.19507144336302,0.577777777777778,135,4.488
"30",2,7,2.16135186199903,2.0501138952164,0.444444444444444,180,4.488
"31",2,9,2.05139670537704,2.0294056740526,0.577777777777778,225,4.488
"32",2,11,2.04159237057824,2.0086974528888,0.466666666666667,270,4.488
"33",2,13,1.95546083122436,1.92586456823359,0.555555555555556,315,4.488
"34",2,15,1.84211539060655,1.80161524125078,0.422222222222222,360,4.488
"35",2,17,1.81939132490467,1.78090702008697,0.333333333333333,405,4.488
"36",2,19,1.82232346241459,1.80161524125078,0.555555555555556,450,4.488
"37",2,21,1.73866591408471,1.71878235659557,0.444444444444444,495,4.488
"38",2,23,1.64529566025322,1.61524125077656,0.533333333333333,540,4.488
"39",2,25,1.59700702063675,1.57382480844895,0.355555555555556,585,4.488
"40",2,27,1.5131662137125,1.49099192379375,0.311111111111111,630,4.488
"41",2,29,1.50574424064052,1.49099192379375,0.4,675,4.488
"42",2,31,1.49245799254869,1.47028370262994,0.355555555555556,720,4.488
"43",2,33,1.48870119136411,1.47028370262994,0.311111111111111,765,4.488
"44",2,35,1.45379042913664,1.44957548146614,0.4,810,4.488
"45",2,37,3.35335738907822,1.40815903913854,0.422222222222222,855,4.488
"46",2,39,3.18320178420577,1.36674259681093,0.355555555555556,900,4.488
"47",2,41,3.07791972174025,1.32532615448333,0.4,945,4.488
"48",2,43,3.02624079812793,1.34603437564713,0.333333333333333,990,4.488
"49",2,45,2.91967592550182,1.32532615448333,0.355555555555556,1035,4.488
"50",2,47,2.83757607522409,1.26320149099192,0.311111111111111,1080,4.488
"51",2,49,2.71131090370323,2.71277697245807,0.6,1125,4.488
"52",2,51,2.67447592623489,2.69206875129426,0.533333333333333,1170,4.488
"53",3,1,2.63828235384682,2.65065230896666,0.6,45,4.488
"54",3,3,2.54821075471398,2.56781942431145,0.533333333333333,90,4.488
"55",3,5,2.53345843786721,2.54711120314765,0.533333333333333,135,4.488
"56",3,7,2.41122495542247,2.42286187616484,0.666666666666667,180,4.488
"57",3,9,2.33920432783498,2.31932077034583,0.555555555555556,225,4.488
"58",3,11,2.13377144354631,2.091530337544,0.422222222222222,270,4.488
"59",3,13,2.13010627165891,2.091530337544,0.488888888888889,315,4.488
"60",3,15,2.00933885796913,1.96728101056119,0.555555555555556,360,4.488
"61",3,17,1.94712256518054,1.86373990474218,0.4,405,4.488
"62",3,19,1.88902959076527,1.82232346241458,0.355555555555556,450,4.488
"63",3,21,1.80940373151152,1.73949057775937,0.355555555555556,495,4.488
"64",3,23,1.71557533119412,1.63594947194036,0.355555555555556,540,4.488
"65",3,25,1.73390119063112,1.67736591426796,0.4,585,4.488
"66",3,27,1.60571180386933,1.57382480844895,0.377777777777778,630,4.488
"67",3,29,1.54642764859067,1.49099192379375,0.311111111111111,675,4.488
"68",3,31,1.48815141558104,1.42886726030234,0.266666666666667,720,4.488
"69",3,33,1.43674737986027,1.36674259681093,0.4,765,4.488
"70",3,35,1.36665096751376,1.32532615448333,0.177777777777778,810,4.488
"71",3,37,3.30204498265469,1.32532615448333,0.266666666666667,855,4.488
"72",3,39,3.18072779318178,1.32532615448333,0.333333333333333,900,4.488
"73",3,41,3.0929469264786,1.30461793331953,0.266666666666667,945,4.488
"74",3,43,2.97786052921425,1.30461793331953,0.311111111111111,990,4.488
"75",3,45,2.86020851162872,1.24249326982812,0.333333333333333,1035,4.488
"76",3,47,2.79414378835841,1.22178504866432,0.355555555555556,1080,4.488
"77",3,49,2.76271493942395,2.56781942431145,0.511111111111111,1125,4.488
"78",3,51,2.64158100854546,2.48498653965624,0.377777777777778,1170,4.488
"79",4,1,2.49222525413397,2.36073721267343,0.422222222222222,45,4.488
"80",4,3,2.38785948464031,2.27790432801822,0.622222222222222,90,4.488
"81",4,5,2.37420671935976,2.27790432801822,0.377777777777778,135,4.488
"82",4,7,2.31281509024582,2.23648788569062,0.533333333333333,180,4.488
"83",4,9,2.3623865400228,2.29861254918203,0.488888888888889,225,4.488
"84",4,11,2.36211165213123,2.29861254918203,0.555555555555556,270,4.488
"85",4,13,2.32124498558674,2.23648788569062,0.555555555555556,315,4.488
"86",4,15,2.27066561354064,2.21577966452682,0.488888888888889,360,4.488
"87",4,17,2.26168594241651,2.21577966452682,0.511111111111111,405,4.488
"88",4,19,2.20249341643502,2.15365500103541,0.488888888888889,450,4.488
"89",4,21,2.20368459729843,2.15365500103541,0.533333333333333,495,4.488
"90",4,23,2.18297637613462,2.13294677987161,0.422222222222222,540,4.488
"91",4,25,2.12231778139817,2.091530337544,0.466666666666667,585,4.488
"92",4,27,2.01666920174391,1.96728101056119,0.422222222222222,630,4.488
"93",4,29,1.94950492690733,1.90515634706979,0.333333333333333,675,4.488
"94",4,31,1.91184528576431,1.86373990474218,0.422222222222222,720,4.488
"95",4,33,1.8417488734178,1.78090702008697,0.355555555555556,765,4.488
"96",4,35,1.8003324310902,1.73949057775937,0.488888888888889,810,4.488
"97",4,37,3.53203451858895,1.73949057775937,0.555555555555556,855,4.488
"98",4,39,3.47962256059914,1.71878235659557,0.4,900,4.488
"99",4,41,3.36077936215026,1.61524125077656,0.377777777777778,945,4.488
"100",4,43,3.25467263601008,1.57382480844895,0.466666666666667,990,4.488
"101",4,45,3.12886561097512,1.51170014495755,0.333333333333333,1035,4.488
"102",4,47,3.09587906398854,1.51170014495755,0.466666666666667,1080,4.488
"103",4,49,2.92581508841322,2.83702629944088,0.533333333333333,1125,4.488
"104",4,51,2.84600597056511,2.75419341478567,0.666666666666667,1170,4.488
"105",5,1,2.76289819801836,2.67136053013046,0.644444444444444,45,4.488
"106",5,3,2.64478803394692,2.56781942431145,0.555555555555556,90,4.488
"107",5,5,2.50807712254697,2.46427831849244,0.444444444444444,135,4.488
"108",5,7,2.50056352017779,2.44357009732864,0.6,180,4.488
"109",5,9,2.35468967905923,2.27790432801822,0.444444444444444,225,4.488
"110",5,11,2.33169072546581,2.23648788569062,0.555555555555556,270,4.488
"111",5,13,2.1812354194881,2.13294677987161,0.4,315,4.488
"112",5,15,2.22604214581157,2.15365500103541,0.355555555555556,360,4.488
"113",5,17,2.17720373041196,2.11223855870781,0.555555555555556,405,4.488
"114",5,19,2.18719132380512,2.13294677987161,0.422222222222222,450,4.488
"115",5,21,2.14632465726062,2.091530337544,0.466666666666667,495,4.488
"116",5,23,2.14577488147752,2.091530337544,0.422222222222222,540,4.488
"117",5,25,2.08502465744388,2.0294056740526,0.422222222222222,585,4.488
"118",5,27,2.03050522561883,1.96728101056119,0.4,630,4.488
"119",5,29,1.98908878329123,1.92586456823359,0.422222222222222,675,4.488
"120",5,31,1.93603542022113,1.86373990474218,0.355555555555556,720,4.488
"121",5,33,1.88353183293415,1.82232346241458,0.577777777777778,765,4.488
"122",5,35,1.82562211711325,1.76019879892317,0.466666666666667,810,4.488
"123",5,37,3.39532360718904,1.73949057775937,0.4,855,4.488
"124",5,39,3.26566815167228,1.69807413543177,0.444444444444444,900,4.488
"125",5,41,3.12840746448923,1.63594947194036,0.422222222222222,945,4.488
"126",5,43,2.9724544006804,1.57382480844895,0.311111111111111,990,4.488
"127",5,45,2.87221194956007,1.55311658728515,0.422222222222222,1035,4.488
"128",5,47,2.7340349694051,1.49099192379375,0.222222222222222,1080,4.488
"129",5,49,2.65743287695845,2.56781942431145,0.6,1125,4.488
"130",5,51,2.61555828814493,2.52640298198385,0.6,1170,4.488
"131",6,1,2.5469279445534,2.44357009732864,0.311111111111111,45,4.488
"132",6,3,2.51604887140205,2.42286187616484,0.422222222222222,90,4.488
"133",6,5,2.41498175660701,2.31932077034583,0.422222222222222,135,4.488
"134",6,7,2.37420671935972,2.27790432801822,0.444444444444444,180,4.488
"135",6,9,2.3215198734783,2.25719610685442,0.533333333333333,225,4.488
"136",6,11,2.32720088990377,2.29861254918203,0.577777777777778,270,4.488
"137",6,13,2.32655948482347,2.29861254918203,0.422222222222222,315,4.488
"138",6,15,2.25783751193474,2.23648788569062,0.511111111111111,360,4.488
"139",6,17,2.16611658545259,2.13294677987161,0.466666666666667,405,4.488
"140",6,19,2.20716651059145,2.15365500103541,0.622222222222222,450,4.488
"141",6,21,2.17958609213877,2.13294677987161,0.555555555555556,495,4.488
"142",6,23,2.10225096531466,2.0501138952164,0.377777777777778,540,4.488
"143",6,25,2.06083452298705,2.0086974528888,0.444444444444444,585,4.488
"144",6,27,2.04012630182325,1.98798923172499,0.577777777777778,630,4.488
"145",6,29,1.99486142901388,1.94657278939739,0.355555555555556,675,4.488
"146",6,31,1.85787562972236,1.80161524125078,0.422222222222222,720,4.488
"147",6,33,1.82507234133014,1.76019879892317,0.444444444444444,765,4.488
"148",6,35,1.78365589900253,1.71878235659557,0.311111111111111,810,4.488
"149",6,37,3.60002345710018,1.69807413543177,0.4,855,4.488
"150",6,39,3.4841123961612,1.63594947194036,0.444444444444444,900,4.488
"151",6,41,3.38432809152678,1.57382480844895,0.311111111111111,945,4.488
"152",6,43,3.29572256114896,1.51170014495755,0.311111111111111,990,4.488
"153",6,45,3.15864513256023,1.47028370262994,0.4,1035,4.488
"154",6,47,3.00608235274726,1.40815903913854,0.244444444444444,1080,4.488
"155",6,49,2.97584468467622,2.65065230896666,0.555555555555556,1125,4.488
"156",6,51,2.95596112718708,2.65065230896666,0.488888888888889,1170,4.488
"157",7,1,2.90629804811283,2.60923586663906,0.577777777777778,45,4.488
"158",7,3,2.7740769722749,2.48498653965624,0.577777777777778,90,4.488
"159",7,5,2.71543422207653,2.44357009732864,0.466666666666667,135,4.488
"160",7,7,2.62710357959025,2.36073721267343,0.488888888888889,180,4.488
"161",7,9,2.53043467106002,2.34002899150963,0.555555555555556,225,4.488
"162",7,11,2.50651942449473,2.34002899150963,0.555555555555556,270,4.488
"163",7,13,2.40682674915751,2.25719610685442,0.688888888888889,315,4.488
"164",7,15,2.37164109903847,2.23648788569062,0.488888888888889,360,4.488
"165",7,17,2.31968728753459,2.19507144336302,0.511111111111111,405,4.488
"166",7,19,2.24244379000766,2.11223855870781,0.4,450,4.488
"167",7,21,2.17344692922738,2.0501138952164,0.533333333333333,495,4.488
"168",7,23,2.06990582340837,1.94657278939739,0.577777777777778,540,4.488
"169",7,25,2.04379147371065,1.92586456823359,0.4,585,4.488
"170",7,27,1.98524035280946,1.88444812590598,0.622222222222222,630,4.488
"171",7,29,1.92109984477998,1.80161524125078,0.377777777777778,675,4.488
"172",7,31,1.91422764749111,1.80161524125078,0.555555555555556,720,4.488
"173",7,33,1.82030761787651,1.71878235659557,0.4,765,4.488
"174",7,35,1.81755873896096,1.69807413543177,0.4,810,4.488
"175",7,37,3.45378309879299,1.63594947194036,0.355555555555556,855,4.488
"176",7,39,3.3640780168489,1.59453302961276,0.377777777777778,900,4.488
"177",7,41,3.26502674659195,1.57382480844895,0.377777777777778,945,4.488
"178",7,43,3.18384318928606,1.51170014495755,0.377777777777778,990,4.488
"179",7,45,3.07040611937109,1.42886726030234,0.4,1035,4.488
"180",7,47,2.97327906435501,1.40815903913854,0.333333333333333,1080,4.488
"181",7,49,2.93708549196696,2.62994408780286,0.577777777777778,1125,4.488
"182",7,51,2.92709789857379,2.60923586663906,0.511111111111111,1170,4.488
"183",8,1,2.83107039512393,2.52640298198385,0.488888888888889,45,4.488
"184",8,3,2.74722958819969,2.48498653965624,0.622222222222222,90,4.488
"185",8,5,2.69216038059152,2.42286187616484,0.533333333333333,135,4.488
"186",8,7,2.66485485003041,2.40215365500104,0.511111111111111,180,4.488
"187",8,9,2.73485963307968,2.54711120314765,0.733333333333333,225,4.488
"188",8,11,2.62847801904792,2.46427831849244,0.533333333333333,270,4.488
"189",8,13,2.52273781009647,2.38144543383723,0.511111111111111,315,4.488
"190",8,15,2.52118011204434,2.38144543383723,0.6,360,4.488
"191",8,17,2.43559834847358,2.29861254918203,0.488888888888889,405,4.488
"192",8,19,2.40471927532224,2.27790432801822,0.422222222222222,450,4.488
"193",8,21,2.32188639066704,2.19507144336302,0.4,495,4.488
"194",8,23,2.23135664504828,2.11223855870781,0.511111111111111,540,4.488
"195",8,25,2.16767428350473,2.0501138952164,0.622222222222222,585,4.488
"196",8,27,2.08511628674107,1.98798923172499,0.466666666666667,630,4.488
"197",8,29,2.01053003883252,1.90515634706979,0.466666666666667,675,4.488
"198",8,31,1.99394513604203,1.88444812590598,0.466666666666667,720,4.488
"199",8,33,1.94840537534111,1.84303168357838,0.577777777777778,765,4.488
"200",8,35,1.94638953080304,1.84303168357838,0.377777777777778,810,4.488
"201",8,37,3.78740536984344,1.80161524125078,0.488888888888889,855,4.488
"202",8,39,3.67607577376368,1.76019879892317,0.555555555555556,900,4.488
"203",8,41,3.53111822561707,1.71878235659557,0.4,945,4.488
"204",8,43,3.45158399566055,1.67736591426796,0.422222222222222,990,4.488
"205",8,45,3.35940492269247,1.59453302961276,0.466666666666667,1035,4.488
"206",8,47,3.30451897367867,1.57382480844895,0.355555555555556,1080,4.488
"207",8,49,3.18228549123392,2.94056740525989,0.511111111111111,1125,4.488
"208",8,51,3.12208504298341,2.89915096293228,0.533333333333333,1170,4.488
"209",9,1,3.03100552158156,2.79560985711327,0.488888888888889,45,4.488
"210",9,3,2.86937144134729,2.65065230896666,0.555555555555556,90,4.488
"211",9,5,2.74292301123201,2.56781942431145,0.533333333333333,135,4.488
"212",9,7,2.61592480533363,2.48498653965624,0.488888888888889,180,4.488
"213",9,9,2.58321314623851,2.44357009732864,0.555555555555556,225,4.488
"214",9,11,2.5871532060175,2.46427831849244,0.622222222222222,270,4.488
"215",9,13,2.51045948427367,2.40215365500104,0.555555555555556,315,4.488
"216",9,15,2.45108369969782,2.36073721267343,0.466666666666667,360,4.488
"217",9,17,2.44357009732865,2.36073721267343,0.533333333333333,405,4.488
"218",9,19,2.47793108377301,2.38144543383723,0.511111111111111,450,4.488
"219",9,21,2.42744334102409,2.34002899150963,0.4,495,4.488
"220",9,23,2.40316157727008,2.29861254918203,0.444444444444444,540,4.488
"221",9,25,2.34965006771406,2.25719610685442,0.422222222222222,585,4.488
"222",9,27,2.29137383470442,2.19507144336302,0.511111111111111,630,4.488
"223",9,29,2.24995739237682,2.15365500103541,0.422222222222222,675,4.488
"224",9,31,2.202493416435,2.11223855870781,0.422222222222222,720,4.488
"225",9,33,2.13386307284346,2.0501138952164,0.533333333333333,765,4.488
"226",9,35,2.125708065394,2.0294056740526,0.511111111111111,810,4.488
"227",9,37,3.77732614715306,1.96728101056119,0.511111111111111,855,4.488
"228",9,39,3.68157353159482,1.92586456823359,0.555555555555556,900,4.488
"229",9,41,3.6274206169585,1.88444812590598,0.355555555555556,945,4.488
"230",9,43,3.41887233656551,1.76019879892317,0.488888888888889,990,4.488
"231",9,45,3.3049771201646,1.71878235659557,0.355555555555556,1035,4.488
"232",9,47,3.26062854032708,1.73949057775937,0.333333333333333,1080,4.488
"233",9,49,3.15424692629534,2.87844274176848,0.577777777777778,1125,4.488
"234",9,51,3.04685738999456,2.81631807827708,0.6,1170,4.488
"235",10,1,3.00571583555852,2.79560985711327,0.444444444444444,45,4.488
"236",10,3,2.93516127672611,2.71277697245807,0.688888888888889,90,4.488
"237",10,5,2.87129565658817,2.65065230896666,0.577777777777778,135,4.488
"238",10,7,2.75584274213511,2.52640298198385,0.577777777777778,180,4.488
"239",10,9,2.86167458038365,2.73348519362187,0.6,225,4.488
"240",10,11,2.80055783916128,2.67136053013046,0.622222222222222,270,4.488
"241",10,13,2.65651658398653,2.54711120314765,0.577777777777778,315,4.488
"242",10,15,2.63370088898747,2.52640298198385,0.666666666666667,360,4.488
"243",10,17,2.52612809409232,2.42286187616484,0.644444444444444,405,4.488
"244",10,19,2.44805993289072,2.36073721267343,0.488888888888889,450,4.488
"245",10,21,2.40664349056311,2.31932077034583,0.466666666666667,495,4.488
"246",10,23,2.3445188270717,2.25719610685442,0.466666666666667,540,4.488
"247",10,25,2.2670920709504,2.17436322219921,0.422222222222222,585,4.488
"248",10,27,2.22375141338192,2.13294677987161,0.444444444444444,630,4.488
"249",10,29,2.17683721322321,2.091530337544,0.444444444444444,675,4.488
"250",10,31,2.08071808047618,1.98798923172499,0.4,720,4.488
"251",10,33,2.06000985931238,1.96728101056119,0.466666666666667,765,4.488
"252",10,35,2.03930163814858,1.94657278939739,0.333333333333333,810,4.488
"253",10,37,3.68615499645406,1.88444812590598,0.488888888888889,855,4.488
"254",10,39,3.61697487707943,1.88444812590598,0.488888888888889,900,4.488
"255",10,41,3.48649475788802,1.82232346241458,0.444444444444444,945,4.488
"256",10,43,3.47760671606108,1.82232346241458,0.333333333333333,990,4.488
"257",10,45,3.43499909287007,1.78090702008697,0.444444444444444,1035,4.488
"258",10,47,3.32971703040459,1.71878235659557,0.4,1080,4.488
"259",10,49,3.22700058826022,3.0234002899151,0.644444444444444,1125,4.488
"260",10,51,3.09642883977163,2.89915096293228,0.622222222222222,1170,4.488
"261",11,1,3.00333347383168,2.81631807827708,0.511111111111111,45,4.488
"262",11,3,2.85113721120748,2.65065230896666,0.533333333333333,90,4.488
"263",11,5,2.75226919954489,2.54711120314765,0.533333333333333,135,4.488
"264",11,7,2.718641247478,2.50569476082005,0.622222222222222,180,4.488
"265",11,9,2.47105888648416,2.38144543383723,0.577777777777778,225,4.488
"266",11,11,2.20661673480833,2.091530337544,0.466666666666667,270,4.488
"267",11,13,2.22577975282415,2.091530337544,0.4,315,4.488
"268",11,15,2.1785906647739,2.11223855870781,0.444444444444444,360,4.488
"269",11,17,2.21698978552429,2.15365500103541,0.488888888888889,405,4.488
"270",11,19,2.14304494269602,2.0708221163802,0.466666666666667,450,4.488
"271",11,21,2.1242609367731,2.0501138952164,0.311111111111111,495,4.488
"272",11,23,2.10355271560929,2.0294056740526,0.377777777777778,540,4.488
"273",11,25,2.04885002518987,1.96728101056119,0.4,585,4.488
"274",11,27,1.96046409798794,1.88444812590598,0.444444444444444,630,4.488
"275",11,29,1.92872401658038,1.84303168357838,0.355555555555556,675,4.488
"276",11,31,1.90389247704325,1.82232346241458,0.444444444444444,720,4.488
"277",11,33,1.8816265578273,1.80161524125078,0.355555555555556,765,4.488
"278",11,35,1.86247603471565,1.78090702008697,0.466666666666667,810,4.488
"279",11,37,3.79288725891365,1.73949057775937,0.511111111111111,855,4.488
"280",11,39,3.71564376138673,1.67736591426796,0.488888888888889,900,4.488
"281",11,41,3.51204346304174,1.57382480844895,0.377777777777778,945,4.488
"282",11,43,3.45578307457016,1.55311658728515,0.488888888888889,990,4.488
"283",11,45,3.30395332913466,1.44957548146614,0.311111111111111,1035,4.488
"284",11,47,3.16311909936138,1.38745081797474,0.422222222222222,1080,4.488
"285",11,49,3.04427590091247,2.85773452060468,0.511111111111111,1125,4.488
"286",11,51,2.96199279204035,2.75419341478567,0.666666666666667,1170,4.488
"287",12,1,2.80228292704694,2.58852764547525,0.444444444444444,45,4.488
"288",12,3,2.56734540906469,2.36073721267343,0.466666666666667,90,4.488
"289",12,5,2.50888591746068,2.29861254918203,0.533333333333333,135,4.488
"290",12,7,2.40726902688253,2.19507144336302,0.488888888888889,180,4.488
"291",12,9,2.2255491904306,2.11223855870781,0.466666666666667,225,4.488
"292",12,11,2.22050957908544,2.11223855870781,0.511111111111111,270,4.488
"293",12,13,2.15416996792352,2.0501138952164,0.444444444444444,315,4.488
"294",12,15,2.1444019777063,2.0501138952164,0.444444444444444,360,4.488
"295",12,17,2.08726164084444,2.0086974528888,0.511111111111111,405,4.488
"296",12,19,1.94450319583027,1.86373990474218,0.466666666666667,450,4.488
"297",12,21,1.84765102870575,1.76019879892317,0.488888888888889,495,4.488
"298",12,23,1.78067001246354,1.69807413543177,0.333333333333333,540,4.488
"299",12,25,1.73568002754572,1.65665769310416,0.422222222222222,585,4.488
"300",12,27,1.71143460837327,1.63594947194036,0.333333333333333,630,4.488
"301",12,29,1.69072638720947,1.61524125077656,0.333333333333333,675,4.488
"302",12,31,1.62222401749668,1.55311658728515,0.355555555555556,720,4.488
"303",12,33,1.60234046000754,1.53240836612135,0.355555555555556,765,4.488
"304",12,35,1.54177349456828,1.47028370262994,0.377777777777778,810,4.488
"305",12,37,3.27153396237865,1.44957548146614,0.333333333333333,855,4.488
"306",12,39,3.17028358898925,1.38745081797474,0.333333333333333,900,4.488
"307",12,41,3.07947895547894,1.34603437564713,0.4,945,4.488
"308",12,43,3.01500827484229,1.32532615448333,0.4,990,4.488
"309",12,45,2.89735625725678,1.26320149099192,0.333333333333333,1035,4.488
"310",12,47,2.78062053264318,1.24249326982812,0.333333333333333,1080,4.488
"311",12,49,2.73315655670134,2.54711120314765,0.577777777777778,1125,4.488
"312",12,51,2.5677656752825,2.40215365500104,0.555555555555556,1170,4.488
"313",13,1,2.42207509275841,2.27790432801822,0.355555555555556,45,4.488
"314",13,3,2.42042576540908,2.27790432801822,0.533333333333333,90,4.488
"315",13,5,2.38166657269983,2.23648788569062,0.577777777777778,135,4.488
"316",13,7,2.31633488380694,2.17436322219921,0.355555555555556,180,4.488
"317",13,9,2.22446704331192,2.13294677987161,0.488888888888889,225,4.488
"318",13,11,2.22981788713022,2.15365500103541,0.644444444444444,270,4.488
"319",13,13,2.16415602563014,2.091530337544,0.444444444444444,315,4.488
"320",13,15,2.11015002500663,2.0294056740526,0.377777777777778,360,4.488
"321",13,17,2.00431818675799,1.94657278939739,0.488888888888889,405,4.488
"322",13,19,1.95383044400908,1.92586456823359,0.533333333333333,450,4.488
"323",13,21,1.84589113192518,1.80161524125078,0.466666666666667,495,4.488
"324",13,23,1.8171195326091,1.76019879892317,0.466666666666667,540,4.488
"325",13,25,1.79302102744946,1.73949057775937,0.466666666666667,585,4.488
"326",13,27,1.77350398714906,1.71878235659557,0.466666666666667,630,4.488
"327",13,29,1.72182506353674,1.67736591426796,0.444444444444444,675,4.488
"328",13,31,1.66996288133005,1.61524125077656,0.444444444444444,720,4.488
"329",13,33,1.66996288133005,1.61524125077656,0.422222222222222,765,4.488
"330",13,35,1.62854643900244,1.57382480844895,0.422222222222222,810,4.488
"331",13,37,3.16859791705836,1.47028370262994,0.355555555555556,855,4.488
"332",13,39,2.97315262616283,1.38745081797474,0.422222222222222,900,4.488
"333",13,41,2.87648371763269,1.28390971215573,0.333333333333333,945,4.488
"334",13,43,2.85430942771393,1.28390971215573,0.288888888888889,990,4.488
"335",13,45,2.7367490394256,1.22178504866432,0.355555555555556,1035,4.488
"336",13,47,2.64594440591532,1.18036860633672,0.333333333333333,1080,4.488
"337",13,49,2.54066234344978,2.38144543383723,0.488888888888889,1125,4.488
"338",13,51,2.40477609572449,2.27790432801822,0.6,1170,4.488
"339",14,1,2.35447161156994,2.19507144336302,0.577777777777778,45,4.488
"340",14,3,2.32524186576792,2.15365500103541,0.533333333333333,90,4.488
"341",14,5,2.31534590167195,2.15365500103541,0.6,135,4.488
"342",14,7,2.18101735199876,2.0086974528888,0.466666666666667,180,4.488
"343",14,9,2.03175322688445,1.84303168357838,0.466666666666667,225,4.488
"344",14,11,1.99412993032298,1.84303168357838,0.533333333333333,270,4.488
"345",14,13,2.06385982548073,1.96728101056119,0.422222222222222,315,4.488
"346",14,15,2.04287671642538,1.94657278939739,0.511111111111111,360,4.488
"347",14,17,1.95903590950112,1.86373990474218,0.466666666666667,405,4.488
"348",14,19,1.85714413103143,1.76019879892317,0.422222222222222,450,4.488
"349",14,21,1.85292918336092,1.76019879892317,0.511111111111111,495,4.488
"350",14,23,1.78200810733976,1.67736591426796,0.266666666666667,540,4.488
"351",14,25,1.71927838334961,1.63594947194036,0.511111111111111,585,4.488
"352",14,27,1.69728735202523,1.61524125077656,0.577777777777778,630,4.488
"353",14,29,1.71433040130162,1.61524125077656,0.333333333333333,675,4.488
"354",14,31,1.6919728527885,1.59453302961276,0.377777777777778,720,4.488
"355",14,33,1.6078571579727,1.51170014495755,0.4,765,4.488
"356",14,35,1.58678241962015,1.49099192379375,0.4,810,4.488
"357",14,37,3.40837438334392,1.44957548146614,0.422222222222222,855,4.488
"358",14,39,3.29063073646121,1.38745081797474,0.288888888888889,900,4.488
"359",14,41,3.23578113202896,1.40815903913854,0.377777777777778,945,4.488
"360",14,43,3.16284421146971,1.38745081797474,0.377777777777778,990,4.488
"361",14,45,3.00606648398623,1.30461793331953,0.422222222222222,1035,4.488
"362",14,47,2.91187156648006,1.28390971215573,0.377777777777778,1080,4.488
"363",14,49,2.8202786138767,2.56781942431145,0.555555555555556,1125,4.488
"364",14,51,2.66267622271858,2.40215365500104,0.488888888888889,1170,4.488
"365",15,1,2.55886022900803,2.31932077034583,0.511111111111111,45,4.488
"366",15,3,2.45293676146221,2.21577966452682,0.422222222222222,90,4.488
"367",15,5,2.39759266596249,2.17436322219921,0.444444444444444,135,4.488
"368",15,7,2.31503466919883,2.091530337544,0.577777777777778,180,4.488
"369",15,9,2.40505098361599,2.21577966452682,0.466666666666667,225,4.488
"370",15,11,2.33799574252406,2.23648788569062,0.577777777777778,270,4.488
"371",15,13,2.22611637066122,2.11223855870781,0.555555555555556,315,4.488
"372",15,15,2.21763119060458,2.13294677987161,0.422222222222222,360,4.488
"373",15,17,2.14200067584542,2.0501138952164,0.311111111111111,405,4.488
"374",15,19,2.06818380689592,1.96728101056119,0.511111111111111,450,4.488
"375",15,21,2.01146527193842,1.90515634706979,0.4,495,4.488
"376",15,23,1.97747080268279,1.86373990474218,0.311111111111111,540,4.488
"377",15,25,1.92899890447195,1.82232346241458,0.311111111111111,585,4.488
"378",15,27,1.86082670736633,1.76019879892317,0.422222222222222,630,4.488
"379",15,29,1.84616601981674,1.73949057775937,0.4,675,4.488
"380",15,31,1.78404135632533,1.67736591426796,0.4,720,4.488
"381",15,33,1.76333313516153,1.65665769310416,0.311111111111111,765,4.488
"382",15,35,1.74262491399773,1.63594947194036,0.444444444444444,810,4.488
"383",15,37,3.55514557730016,1.55311658728515,0.377777777777778,855,4.488
"384",15,39,3.5090007561005,1.55311658728515,0.355555555555556,900,4.488
"385",15,41,3.38475142911766,1.51170014495755,0.466666666666667,945,4.488
"386",15,43,3.21450419494799,1.42886726030234,0.244444444444444,990,4.488
"387",15,45,3.0794426108974,1.36674259681093,0.355555555555556,1035,4.488
"388",15,47,2.98176578009822,1.32532615448333,0.333333333333333,1080,4.488
"389",15,49,2.89041137080481,2.60923586663906,0.533333333333333,1125,4.488
"390",15,51,2.74985202892308,2.46427831849244,0.488888888888889,1170,4.488
"391",16,1,2.27649507966551,1.98798923172499,0.533333333333333,45,4.488
"392",16,3,1.9444305066672,1.67736591426796,0.4,90,4.488
"393",16,5,1.60109553011512,1.34603437564713,0.422222222222222,135,4.488
"394",16,7,1.37486279536541,1.15966038517291,0.333333333333333,180,4.488
"395",16,9,1.38977943067249,1.22178504866432,0.288888888888889,225,4.488
"396",16,11,1.32759948246546,1.15966038517291,0.311111111111111,270,4.488
"397",16,13,1.14617347403922,1.0147028370263,0.288888888888889,315,4.488
"398",16,15,1.02458139667478,0.890453510043487,0.244444444444444,360,4.488
"399",16,17,0.918749558426134,0.807620625388279,0.222222222222222,405,4.488
"400",16,19,0.800822652949071,0.683371298405467,0.155555555555556,450,4.488
"401",16,21,0.716798587430452,0.621246634914061,0.2,495,4.488
"402",16,23,0.623354108749303,0.579830192586457,0.2,540,4.488
"403",16,25,0.546110611222384,0.476289086767447,0.155555555555556,585,4.488
"404",16,27,0.422227801428312,0.352039759784635,0.177777777777778,630,4.488
"405",16,29,0.406009415826573,0.31062331745703,0.111111111111111,675,4.488
"406",16,31,0.346450372656343,0.248498653965624,0.0888888888888889,720,4.488
"407",16,33,0.38365186731344,0.289915096293228,0,765,4.488
"408",16,35,0.357079371129798,0.269206875129426,0.0444444444444444,810,4.488
"409",16,37,0.774542449104508,0.269206875129426,0.0444444444444444,855,4.488
"410",16,39,0.837858293459323,0.331331538620832,0,900,4.488
"411",16,41,0.814676081271532,0.31062331745703,0.0222222222222222,945,4.488
"412",16,43,0.755391925992856,0.248498653965624,0.0666666666666667,990,4.488
"413",16,45,0.766387441655059,0.269206875129426,0.0444444444444444,1035,4.488
"414",16,47,0.71507503523148,0.227790432801822,0.0444444444444444,1080,4.488
"415",16,49,0.648918682663931,0.455580865603645,0.0666666666666667,1125,4.488
"416",16,51,0.626744392745167,0.434872644439843,0.0444444444444444,1170,4.488
"417",17,1,0.584228398851344,0.434872644439843,0.0222222222222222,45,4.488
"418",17,3,0.545927352628023,0.393456202112239,0.0444444444444444,90,4.488
"419",17,5,0.488200895401493,0.352039759784635,0.0444444444444444,135,4.488
"420",17,7,0.463919131647476,0.331331538620832,0.0222222222222222,180,4.488
"421",17,9,0.700780864870598,0.559121971422655,0.111111111111111,225,4.488
"422",17,11,0.81091928008692,0.683371298405467,0.155555555555556,270,4.488
"423",17,13,0.752734676374452,0.683371298405467,0.2,315,4.488
"424",17,15,0.695924512119773,0.621246634914061,0.266666666666667,360,4.488
"425",17,17,0.677140506196856,0.621246634914061,0.0888888888888889,405,4.488
"426",17,19,0.616940057946343,0.559121971422655,0.0888888888888889,450,4.488
"427",17,21,0.544278025278673,0.496997307931249,0.111111111111111,495,4.488
"428",17,23,0.469050372289825,0.414164423276041,0.0888888888888889,540,4.488
"429",17,25,0.410865768577374,0.352039759784635,0.0888888888888889,585,4.488
"430",17,27,0.362393870366526,0.31062331745703,0.0444444444444444,630,4.488
"431",17,29,0.377695962996416,0.31062331745703,0.0444444444444444,675,4.488
"432",17,31,0.325100746412246,0.248498653965624,0.0888888888888889,720,4.488
"433",17,33,0.312547532697905,0.248498653965624,0.0222222222222222,765,4.488
"434",17,35,0.271314348964675,0.20708221163802,0.0444444444444444,810,4.488
"435",17,37,0.803680565609328,0.20708221163802,0,855,4.488
"436",17,39,0.844272344262273,0.248498653965624,0,900,4.488
"437",17,41,0.807162478902361,0.248498653965624,0.0222222222222222,945,4.488
"438",17,43,0.75951524436618,0.20708221163802,0.0444444444444444,990,4.488
"439",17,45,0.727811507540178,0.186373990474218,0.0222222222222222,1035,4.488
"440",17,47,0.664220775293809,0.165665769310416,0.0666666666666667,1080,4.488
"441",17,49,0.609609714171571,0.455580865603645,0.0444444444444444,1125,4.488
"442",17,51,0.567918383952408,0.434872644439843,0.0444444444444444,1170,4.488
"443",18,1,0.501120626304569,0.372747980948437,0.0666666666666667,45,4.488
"444",18,3,0.438537816327237,0.331331538620832,0.0444444444444444,90,4.488
"445",18,5,0.440187143676567,0.331331538620832,0,135,4.488
"446",18,7,0.39373109000379,0.289915096293228,0.0444444444444444,180,4.488
"447",18,9,0.734088318018014,0.621246634914061,0.133333333333333,225,4.488
"448",18,11,0.815317893593126,0.724787740733071,0.2,270,4.488
"449",18,13,0.81256860743625,0.745495961896873,0.2,315,4.488
"450",18,15,0.682363376136414,0.600538413750259,0.244444444444444,360,4.488
"451",18,17,0.563153660498772,0.476289086767447,0.0888888888888889,405,4.488
"452",18,19,0.508450970079357,0.455580865603645,0.177777777777778,450,4.488
"453",18,21,0.45438968474023,0.372747980948437,0.0888888888888889,495,4.488
"454",18,23,0.403352166208207,0.31062331745703,0.0666666666666667,540,4.488
"455",18,25,0.401886097453248,0.31062331745703,0.0444444444444444,585,4.488
"456",18,27,0.322810013982624,0.227790432801822,0.111111111111111,630,4.488
"457",18,29,0.300635724063865,0.20708221163802,0,675,4.488
"458",18,31,0.291930940831294,0.20708221163802,0.0444444444444444,720,4.488
"459",18,33,0.271497607559046,0.186373990474218,0.0444444444444444,765,4.488
"460",18,35,0.255187592660124,0.165665769310416,0.0222222222222222,810,4.488
"461",18,37,0.67833168706029,0.165665769310416,0.0444444444444444,855,4.488
"462",18,39,0.684654108566052,0.144957548146614,0.0666666666666667,900,4.488
"463",18,41,0.697207322280393,0.165665769310416,0,945,4.488
"464",18,43,0.684104332782942,0.165665769310416,0,990,4.488
"465",18,45,0.65487458698094,0.165665769310416,0.0222222222222222,1035,4.488
"466",18,47,0.65487458698094,0.165665769310416,0,1080,4.488
"467",18,49,0.600813301641814,0.372747980948437,0.0666666666666667,1125,4.488
"468",18,51,0.578455753128682,0.352039759784635,0.0222222222222222,1170,4.488
"469",19,1,0.530808518592501,0.31062331745703,0.0222222222222222,45,4.488
"470",19,3,0.533649026805235,0.31062331745703,0,90,4.488
"471",19,5,0.482794766867579,0.269206875129426,0.0444444444444444,135,4.488
"472",19,7,0.471157846125089,0.248498653965624,0.0222222222222222,180,4.488
"473",19,9,0.732392972399422,0.559121971422655,0.0888888888888889,225,4.488
"474",19,11,0.795396444150184,0.683371298405467,0.177777777777778,270,4.488
"475",19,13,0.718427834514804,0.621246634914061,0.244444444444444,315,4.488
"476",19,15,0.718519463811984,0.641954856077863,0.111111111111111,360,4.488
"477",19,17,0.68764039066065,0.600538413750259,0.133333333333333,405,4.488
"478",19,19,0.712353228608235,0.641954856077863,0.0666666666666667,450,4.488
"479",19,21,0.565902539414324,0.476289086767447,0.177777777777778,495,4.488
"480",19,23,0.439756069482986,0.352039759784635,0.177777777777778,540,4.488
"481",19,25,0.419231106913556,0.352039759784635,0.0444444444444444,585,4.488
"482",19,27,0.393208386513025,0.31062331745703,0.0444444444444444,630,4.488
"483",19,29,0.32586085308208,0.248498653965624,0.0888888888888889,675,4.488
"484",19,31,0.28572722091507,0.20708221163802,0.0666666666666667,720,4.488
"485",19,33,0.30127712914416,0.20708221163802,0.0222222222222222,765,4.488
"486",19,35,0.309157248702067,0.20708221163802,0.0222222222222222,810,4.488
"487",19,37,0.908229593697374,0.186373990474218,0,855,4.488
"488",19,39,0.905847231970569,0.227790432801822,0,900,4.488
"489",19,41,0.785812852658265,0.186373990474218,0.0444444444444444,945,4.488
"490",19,43,0.72881942980922,0.165665769310416,0,990,4.488
"491",19,45,0.688685797642203,0.165665769310416,0.0444444444444444,1035,4.488
"492",19,47,0.574973839835659,0.165665769310416,0.0222222222222222,1080,4.488
"493",19,49,0.527876381082584,0.31062331745703,0.0444444444444444,1125,4.488
"494",19,51,0.507259789215968,0.289915096293228,0.0222222222222222,1170,4.488
"495",20,1,0.465110312510883,0.248498653965624,0.0222222222222222,45,4.488
"496",20,3,0.438171299138504,0.227790432801822,0,90,4.488
"497",20,5,0.438171299138504,0.227790432801822,0,135,4.488
"498",20,7,0.43643034249199,0.227790432801822,0,180,4.488
"499",20,9,0.763888460822727,0.621246634914061,0.0888888888888889,225,4.488
"500",20,11,0.692325979721259,0.579830192586457,0.222222222222222,270,4.488
"501",20,13,0.628643618177706,0.517705529095051,0.2,315,4.488
"502",20,15,0.597868669227711,0.496997307931249,0.2,360,4.488
"503",20,17,0.553978235876118,0.476289086767447,0.111111111111111,405,4.488
"504",20,19,0.561779221041006,0.476289086767447,0.111111111111111,450,4.488
"505",20,21,0.441561583134337,0.352039759784635,0.2,495,4.488
"506",20,23,0.458696261707925,0.393456202112239,0.0666666666666667,540,4.488
"507",20,25,0.319877876472706,0.227790432801822,0.133333333333333,585,4.488
"508",20,27,0.314929894424719,0.227790432801822,0.0666666666666667,630,4.488
"509",20,29,0.295504483421508,0.20708221163802,0.0444444444444444,675,4.488
"510",20,31,0.370548877815987,0.289915096293228,0.0222222222222222,720,4.488
"511",20,33,0.308882360810509,0.227790432801822,0.0444444444444444,765,4.488
"512",20,35,0.268107323563203,0.186373990474218,0.0666666666666667,810,4.488
"513",20,37,0.794792523782385,0.20708221163802,0,855,4.488
"514",20,39,0.771885199486148,0.20708221163802,0.0222222222222222,900,4.488
"515",20,41,0.795892075348613,0.248498653965624,0,945,4.488
"516",20,43,0.75768265842248,0.20708221163802,0.0444444444444444,990,4.488
"517",20,45,0.644245588507489,0.165665769310416,0.0444444444444444,1035,4.488
"518",20,47,0.621704781399987,0.144957548146614,0.0222222222222222,1080,4.488
"519",20,49,0.604386844232027,0.331331538620832,0.0222222222222222,1125,4.488
"520",20,51,0.577172942968092,0.31062331745703,0.0222222222222222,1170,4.488
"521",21,1,0.556006575318368,0.31062331745703,0.0222222222222222,45,4.488
"522",21,3,0.510741702508994,0.31062331745703,0,90,4.488
"523",21,5,0.500295962629908,0.31062331745703,0,135,4.488
"524",21,7,0.473173690663157,0.289915096293228,0.0222222222222222,180,4.488
"525",21,9,0.903281611649374,0.766204183060675,0.0888888888888889,225,4.488
"526",21,11,0.875792822493884,0.766204183060675,0.266666666666667,270,4.488
"527",21,13,0.800473540207836,0.724787740733071,0.177777777777778,315,4.488
"528",21,15,0.739631686876994,0.641954856077863,0.133333333333333,360,4.488
"529",21,17,0.668527352261483,0.600538413750259,0.177777777777778,405,4.488
"530",21,19,0.63480777089742,0.559121971422655,0.133333333333333,450,4.488
"531",21,21,0.544644542467423,0.476289086767447,0.155555555555556,495,4.488
"532",21,23,0.488750671184594,0.414164423276041,0.0666666666666667,540,4.488
"533",21,25,0.478213302008324,0.414164423276041,0.0666666666666667,585,4.488
"534",21,27,0.430657696769327,0.372747980948437,0.0444444444444444,630,4.488
"535",21,29,0.348374587897229,0.269206875129426,0.0888888888888889,675,4.488
"536",21,31,0.29183931153411,0.20708221163802,0.0666666666666667,720,4.488
"537",21,33,0.278461434145103,0.20708221163802,0.0444444444444444,765,4.488
"538",21,35,0.280660537277542,0.20708221163802,0.0444444444444444,810,4.488
"539",21,37,0.496814049336878,0.165665769310416,0.0444444444444444,855,4.488
"540",21,39,0.57818086523713,0.269206875129426,0,900,4.488
"541",21,41,0.512849176344248,0.20708221163802,0.0666666666666667,945,4.488
"542",21,43,0.471799251205382,0.165665769310416,0.0444444444444444,990,4.488
"543",21,45,0.460895364840372,0.165665769310416,0.0444444444444444,1035,4.488
"544",21,47,0.437896411246945,0.144957548146614,0.0222222222222222,1080,4.488
"545",21,49,0.4278171885566,0.248498653965624,0.0222222222222222,1125,4.488
"546",21,51,0.397487891188374,0.227790432801822,0.0222222222222222,1170,4.488
"547",22,1,0.389057995847357,0.227790432801822,0,45,4.488
"548",22,3,0.385484453257143,0.227790432801822,0.0222222222222222,90,4.488
"549",22,5,0.345992226170424,0.186373990474218,0.0222222222222222,135,4.488
"550",22,7,0.329040806191204,0.165665769310416,0,180,4.488
"551",22,9,0.624911806801445,0.538413750258853,0.0666666666666667,225,4.488
"552",22,11,0.712099396944065,0.641954856077863,0.0888888888888889,270,4.488
"553",22,13,0.627800443533906,0.559121971422655,0.133333333333333,315,4.488
"554",22,15,0.554173989374656,0.476289086767447,0.222222222222222,360,4.488
"555",22,17,0.589268010196494,0.496997307931249,0.0888888888888889,405,4.488
"556",22,19,0.518621822066887,0.434872644439843,0.133333333333333,450,4.488
"557",22,21,0.451457547230312,0.393456202112239,0.0666666666666667,495,4.488
"558",22,23,0.376321523538644,0.31062331745703,0.155555555555556,540,4.488
"559",22,25,0.34223542498584,0.269206875129426,0.0888888888888889,585,4.488
"560",22,27,0.311722869023247,0.248498653965624,0.0444444444444444,630,4.488
"561",22,29,0.313005679183836,0.248498653965624,0,675,4.488
"562",22,31,0.293671897477811,0.227790432801822,0.0666666666666667,720,4.488
"563",22,33,0.281027054466285,0.227790432801822,0.0444444444444444,765,4.488
"564",22,35,0.221193123404505,0.144957548146614,0.0666666666666667,810,4.488
"565",22,37,0.676224213225038,0.165665769310416,0,855,4.488
"566",22,39,0.761164571715506,0.269206875129426,0,900,4.488
"567",22,41,0.738073988824897,0.248498653965624,0,945,4.488
"568",22,43,0.69409192617611,0.20708221163802,0.0444444444444444,990,4.488
"569",22,45,0.671276231177053,0.186373990474218,0,1035,4.488
"570",22,47,0.554448877266224,0.124249326982812,0.0888888888888889,1080,4.488
"571",22,49,0.545927352628021,0.393456202112239,0,1125,4.488
"572",22,51,0.519446485741569,0.372747980948437,0.0222222222222222,1170,4.488
"573",23,1,0.507168159918784,0.372747980948437,0,45,4.488
"574",23,3,0.482886396164767,0.352039759784635,0,90,4.488
"575",23,5,0.45860463241075,0.331331538620832,0,135,4.488
"576",23,7,0.416363526408481,0.289915096293228,0.0444444444444444,180,4.488
"577",23,9,0.661838413566994,0.600538413750259,0.111111111111111,225,4.488
"578",23,11,0.683554556999808,0.641954856077863,0.177777777777778,270,4.488
"579",23,13,0.677048876899676,0.641954856077863,0.2,315,4.488
"580",23,15,0.64369581272435,0.621246634914061,0.2,360,4.488
"581",23,17,0.576531537887775,0.559121971422655,0.2,405,4.488
"582",23,19,0.575890132807485,0.559121971422655,0.155555555555556,450,4.488
"583",23,21,0.528059639676939,0.496997307931249,0.0888888888888889,495,4.488
"584",23,23,0.477938414116766,0.434872644439843,0.0666666666666667,540,4.488
"585",23,25,0.443577427672407,0.393456202112239,0.0666666666666667,585,4.488
"586",23,27,0.439087592110343,0.393456202112239,0.0666666666666667,630,4.488
"587",23,29,0.362577128960896,0.31062331745703,0.133333333333333,675,4.488
"588",23,31,0.349296807142029,0.289915096293228,0.0666666666666667,720,4.488
"589",23,33,0.279744244305693,0.227790432801822,0.0444444444444444,765,4.488
"590",23,35,0.241076680893637,0.186373990474218,0,810,4.488
"591",23,37,0.587343794955624,0.165665769310416,0.0222222222222222,855,4.488
"592",23,39,0.519813002930303,0.124249326982812,0.0222222222222222,900,4.488
"593",23,41,0.493881911826963,0.124249326982812,0.0222222222222222,945,4.488
"594",23,43,0.470516441044796,0.144957548146614,0,990,4.488
"595",23,45,0.451732435121875,0.124249326982812,0.0222222222222222,1035,4.488
"596",23,47,0.446692823776702,0.124249326982812,0,1080,4.488
"597",23,49,0.413523018195745,0.269206875129426,0.0444444444444444,1125,4.488
"598",23,51,0.372931239542806,0.248498653965624,0.0444444444444444,1170,4.488
"599",24,1,0.343701493740804,0.227790432801822,0.0222222222222222,45,4.488
"600",24,3,0.317037368259977,0.20708221163802,0,90,4.488
"601",24,5,0.279652615008508,0.165665769310416,0.0444444444444444,135,4.488
"602",24,7,0.233746337118844,0.124249326982812,0.0444444444444444,180,4.488
"603",24,9,0.599163974292476,0.559121971422655,0.0888888888888889,225,4.488
"604",24,11,0.689849535705514,0.662663077241665,0.2,270,4.488
"605",24,13,0.713494136476332,0.683371298405467,0.155555555555556,315,4.488
"606",24,15,0.660225829914698,0.621246634914061,0.155555555555556,360,4.488
"607",24,17,0.661325381480922,0.641954856077863,0.0888888888888889,405,4.488
"608",24,19,0.585181435520227,0.559121971422655,0.155555555555556,450,4.488
"609",24,21,0.521806755511434,0.496997307931249,0.133333333333333,495,4.488
"610",24,23,0.454243169842917,0.434872644439843,0.133333333333333,540,4.488
"611",24,25,0.359956623039587,0.331331538620832,0.111111111111111,585,4.488
"612",24,27,0.30197847862448,0.269206875129426,0.111111111111111,630,4.488
"613",24,29,0.312240959909194,0.289915096293228,0.0222222222222222,675,4.488
"614",24,31,0.258179674570068,0.227790432801822,0.0888888888888889,720,4.488
"615",24,33,0.218260985894584,0.186373990474218,0.0222222222222222,765,4.488
"616",24,35,0.181792525614971,0.144957548146614,0.0444444444444444,810,4.488
"617",24,37,0.339578175367479,0.0828328846552081,0.0222222222222222,855,4.488
"618",24,39,0.336096262074446,0.0621246634914061,0.0444444444444444,900,4.488
"619",24,41,0.316304333882495,0.0621246634914061,0.0222222222222222,945,4.488
"620",24,43,0.310989834645767,0.0621246634914061,0,990,4.488
"621",24,45,0.29238908731722,0.0414164423276041,0.0222222222222222,1035,4.488
"622",24,47,0.283226157598723,0.0414164423276041,0,1080,4.488
"623",24,49,0.282493123221243,0.124249326982812,0,1125,4.488
"624",24,51,0.27782002906481,0.124249326982812,0,1170,4.488
"625",25,1,0.265175186053286,0.124249326982812,0,45,4.488
"626",25,3,0.265175186053286,0.124249326982812,0,90,4.488
"627",25,5,0.265175186053286,0.124249326982812,0,135,4.488
"628",25,7,0.243000896134525,0.10354110581901,0.0222222222222222,180,4.488
"629",25,9,0.554907023752149,0.476289086767447,0.0888888888888889,225,4.488
"630",25,11,0.578639011723047,0.517705529095051,0.177777777777778,270,4.488
"631",25,13,0.596140207485371,0.538413750258853,0.177777777777778,315,4.488
"632",25,15,0.565627651522771,0.517705529095051,0.177777777777778,360,4.488
"633",25,17,0.517522270500671,0.476289086767447,0.155555555555556,405,4.488
"634",25,19,0.512574288452686,0.455580865603645,0.0888888888888889,450,4.488
"635",25,21,0.442294617511817,0.393456202112239,0.111111111111111,495,4.488
"636",25,23,0.413981164681664,0.372747980948437,0.0666666666666667,540,4.488
"637",25,25,0.380353212614783,0.331331538620832,0.0444444444444444,585,4.488
"638",25,27,0.371465170787842,0.331331538620832,0.0444444444444444,630,4.488
"639",25,29,0.310623317457023,0.248498653965624,0.0444444444444444,675,4.488
"640",25,31,0.288082510349527,0.227790432801822,0.0666666666666667,720,4.488
"641",25,33,0.307782809244292,0.248498653965624,0.0222222222222222,765,4.488
"642",25,35,0.244558594186672,0.186373990474218,0.0666666666666667,810,4.488
"643",25,37,0.55435724796904,0.186373990474218,0.0444444444444444,855,4.488
"644",25,39,0.521553959576823,0.165665769310416,0.0666666666666667,900,4.488
"645",25,41,0.474639759418119,0.124249326982812,0.0222222222222222,945,4.488
"646",25,43,0.493607023935407,0.144957548146614,0,990,4.488
"647",25,45,0.504785798191973,0.165665769310416,0,1035,4.488
"648",25,47,0.433223317090514,0.124249326982812,0.0666666666666667,1080,4.488
"649",25,49,0.387500297795216,0.289915096293228,0.0444444444444444,1125,4.488
"650",25,51,0.363676680527123,0.269206875129426,0,1170,4.488
"651",26,1,0.343426605849247,0.248498653965624,0.0222222222222222,45,4.488
"652",26,3,0.309981912376735,0.20708221163802,0.0444444444444444,90,4.488
"653",26,5,0.2827680111128,0.165665769310416,0.0222222222222222,135,4.488
"654",26,7,0.2827680111128,0.165665769310416,0,180,4.488
"655",26,9,0.591930546120478,0.517705529095051,0.111111111111111,225,4.488
"656",26,11,0.619780566159094,0.538413750258853,0.177777777777778,270,4.488
"657",26,13,0.652308966659745,0.600538413750259,0.111111111111111,315,4.488
"658",26,15,0.60887667979407,0.538413750258853,0.2,360,4.488
"659",26,17,0.506526754838476,0.455580865603645,0.222222222222222,405,4.488
"660",26,19,0.439728997190637,0.393456202112239,0.155555555555556,450,4.488
"661",26,21,0.475739310984327,0.434872644439843,0.0888888888888889,495,4.488
"662",26,23,0.38383512590781,0.331331538620832,0.111111111111111,540,4.488
"663",26,25,0.339120028881547,0.269206875129426,0.0666666666666667,585,4.488
"664",26,27,0.335638115588518,0.269206875129426,0.0222222222222222,630,4.488
"665",26,29,0.31144798113169,0.248498653965624,0.0222222222222222,675,4.488
"666",26,31,0.357904034804464,0.289915096293228,0.0222222222222222,720,4.488
"667",26,33,0.33417204683356,0.269206875129426,0.0222222222222222,765,4.488
"668",26,35,0.307416292055548,0.248498653965624,0.0666666666666667,810,4.488
"669",26,37,0.598889086400929,0.186373990474218,0.0666666666666667,855,4.488
"670",26,39,0.630867711118483,0.186373990474218,0.0666666666666667,900,4.488
"671",26,41,0.62692765133953,0.186373990474218,0.0444444444444444,945,4.488
"672",26,43,0.59577369029664,0.186373990474218,0,990,4.488
"673",26,45,0.569934228490479,0.186373990474218,0,1035,4.488
"674",26,47,0.538322120961664,0.165665769310416,0.0444444444444444,1080,4.488
"675",26,49,0.531083406484053,0.289915096293228,0.0222222222222222,1125,4.488
"676",26,51,0.517980416986603,0.289915096293228,0.0444444444444444,1170,4.488
"677",27,1,0.466026605482727,0.248498653965624,0.0444444444444444,45,4.488
"678",27,3,0.440095514379383,0.227790432801822,0.0444444444444444,90,4.488
"679",27,5,0.418379370946548,0.227790432801822,0.0222222222222222,135,4.488
"680",27,7,0.409033182633681,0.227790432801822,0.0222222222222222,180,4.488
"681",27,9,0.842348129021372,0.662663077241665,0.0444444444444444,225,4.488
"682",27,11,0.85371016187231,0.683371298405467,0.222222222222222,270,4.488
"683",27,13,0.682546634730787,0.538413750258853,0.288888888888889,315,4.488
"684",27,15,0.644886993587769,0.538413750258853,0.222222222222222,360,4.488
"685",27,17,0.573324512486318,0.476289086767447,0.155555555555556,405,4.488
"686",27,19,0.493148877449474,0.393456202112239,0.2,450,4.488
"687",27,21,0.445868160102032,0.352039759784635,0.155555555555556,495,4.488
"688",27,23,0.447884004640101,0.352039759784635,0.0666666666666667,540,4.488
"689",27,25,0.427175783476298,0.331331538620832,0.0222222222222222,585,4.488
"690",27,27,0.321160686633299,0.248498653965624,0.133333333333333,630,4.488
"691",27,29,0.346267114061977,0.269206875129426,0,675,4.488
"692",27,31,0.314105230750055,0.227790432801822,0.0222222222222222,720,4.488
"693",27,33,0.238694319166832,0.144957548146614,0.0888888888888889,765,4.488
"694",27,35,0.273879969285858,0.186373990474218,0,810,4.488
"695",27,37,0.734317187640308,0.165665769310416,0.0222222222222222,855,4.488
"696",27,39,0.710912621691348,0.20708221163802,0.0222222222222222,900,4.488
"697",27,41,0.704904183243939,0.227790432801822,0.0222222222222222,945,4.488
"698",27,43,0.63150911619878,0.186373990474218,0.0444444444444444,990,4.488
"699",27,45,0.63150911619878,0.186373990474218,0,1035,4.488
"700",27,47,0.402527502533548,0.144957548146614,0.0444444444444444,1080,4.488
"701",27,49,0.347275036331015,0.227790432801822,0.0444444444444444,1125,4.488
"702",27,51,0.314013601452875,0.20708221163802,0.0444444444444444,1170,4.488
